9011483
9011483
9011483
9011483
9011483
9011483
1994008656
1994008656
1994008656
1994008656
1994008656
1994008656
1993861200
1993861200
1993861200
1993861200
1993861200
1994078288
1994078288
1994078288
1994078288
1994078288
1994078288
9011483
9011483
9011483
9011483
9011483
9011483
9011483
9011483
9011483
9011483
9011483
9011483
9011483
9011483
9011483
9011483
9011483
9011483
9011483
9011483
9011483
9011483
9011483
9011483
9011483
9011483
9011483
9011483
9011483
9011483
9011483
9011483
9011483
9011483
9011483
9011483
9011483
9011483
9011483
9011483
9011483
9011483
9011483
9011483
9011483
9011483
9011483
9011483
9011483
9011483
9011483
9011483
9011483
9011483
9011483
9011483
9011483
9011483
9011483
9011483
9011483
9011483
9011483
9011483
9011483
9011483
9011483
9011483
9011483
9011483
9011483
9011483
9011483
9011483
9011483
9011483
9011483
9011483
9011483
9011483
9011483
9011483
9011483
9011483
9011483
9011483
9011483
9011483
9011483
9011483
9011483
9011483
9011483
9011483
9011483
9011483
